400 500 0 0
0 300 100 0
200 400 200 0
200 100 300 0
400 200 400 0
700 0 500 0
600 400 600 0
600 100 700 0
500 100 0 100
200 300 100 100
300 200 200 100
300 100 300 100
500 400 400 100
500 300 500 100
0 100 600 100
400 400 700 100
600 500 0 200
600 300 100 200
700 400 200 200
0 500 300 200
400 100 400 200
300 500 500 200
700 100 600 200
200 200 700 200
400 300 0 300
100 300 100 300
600 0 200 300
100 200 300 300
500 0 400 300
700 200 500 300
100 100 600 300
300 0 700 300
200 0 0 400
300 400 100 400
200 500 200 400
0 200 300 400
500 200 400 400
300 300 500 400
400 0 600 400
0 0 700 400
0 400 0 500
700 300 100 500
100 500 200 500
600 200 300 500
100 400 400 500
700 500 500 500
500 500 600 500
100 0 700 500
